********************************************
  OUTPUT FOR BOX MODEL OF SOLAR NEBULA


 NQ = 14
----------------------------------------

 TIME = 0.00E+00     TIMEY = 0.00E+00 YEARS

 MIXING RATIOS OF LONG-LIVED SPECIES

     O        O2       O3       H        H2       OH       H2O     
  5.00E-03 2.50E-04 1.25E-04 7.50E-01 2.40E-01 2.50E-03 2.50E-03
 TP, TL
  0.00E+00 0.00E+00 0.00E+00 0.00E+00 0.00E+00 0.00E+00 0.00E+00
  0.00E+00 0.00E+00 0.00E+00 0.00E+00 0.00E+00 0.00E+00 0.00E+00

     HO2      H2O2     SiO      SiO2     SiOH     Mg       MgO     
  1.20E-03 1.20E-03 5.00E-04 2.50E-04 2.50E-04 5.00E-04 2.50E-04
 TP, TL
  0.00E+00 0.00E+00 0.00E+00 0.00E+00 0.00E+00 0.00E+00 0.00E+00
  0.00E+00 0.00E+00 0.00E+00 0.00E+00 0.00E+00 0.00E+00 0.00E+00

 INTEGRATED REACTION RATES

         1         2         3         4         5         6         7         8         9        10
  1   0.000E+00 0.000E+00 0.000E+00 0.000E+00 0.000E+00 0.000E+00 0.000E+00 0.000E+00 0.000E+00 0.000E+00   10
 11   0.000E+00 0.000E+00 0.000E+00 0.000E+00 0.000E+00 0.000E+00 0.000E+00 0.000E+00 0.000E+00 0.000E+00   20
 21   0.000E+00 0.000E+00 0.000E+00 0.000E+00 0.000E+00 0.000E+00 0.000E+00 0.000E+00                       28
         1         2         3         4         5         6         7         8         9        10

 NUMBER DENSITIES OF LONG-LIVED SPECIES

  5.00E+12 2.50E+11 1.25E+11 7.50E+14 2.40E+14 2.50E+12 2.50E+12
  1.20E+12 1.20E+12 5.00E+11 2.50E+11 2.50E+11 5.00E+11 2.50E+11
  0.00E+00 0.00E+00
 N =   1  EMAX = 3.92E-04 U = 2.50E-04 RHS =-9.79E-08  DT = 1.00E-07  TIME = 1.00E-08
----------------------------------------

 TIME = 1.00E-08     TIMEY = 3.17E-16 YEARS

 MIXING RATIOS OF LONG-LIVED SPECIES

     O        O2       O3       H        H2       OH       H2O     
  5.00E-03 2.50E-04 1.25E-04 7.50E-01 2.40E-01 2.50E-03 2.50E-03
 TP, TL
  9.95E+15 1.44E+14 2.79E+12 5.69E+16 1.10E+14 3.53E+16 3.63E+16
  2.55E+16 9.94E+15 6.54E+10 1.53E+16 5.68E+16 3.65E+16 0.00E+00

     HO2      H2O2     SiO      SiO2     SiOH     Mg       MgO     
  1.20E-03 1.20E-03 5.00E-04 2.50E-04 2.50E-04 5.00E-04 2.50E-04
 TP, TL
  3.90E+13 1.34E+12 0.00E+00 8.16E+12 3.75E+14 0.00E+00 2.50E+12
  3.14E+13 3.90E+13 3.84E+14 8.09E+05 0.00E+00 2.50E+12 8.09E+05

 INTEGRATED REACTION RATES

         1         2         3         4         5         6         7         8         9        10
  1   1.352E+12 3.600E+11 1.250E+12 3.000E+12 2.500E+12 3.750E+14 6.250E+10 2.794E+12 2.240E+16 1.164E+14   10
 11   6.250E+12 2.939E+15 9.938E+15 1.582E+12 3.369E+13 3.443E+16 2.417E+13 5.347E+12 1.339E+12 2.850E+09   20
 21   8.933E+04 8.088E+05 3.272E+09 6.498E+08 1.102E+14 1.875E+15 2.500E+12 0.000E+00                       28
         1         2         3         4         5         6         7         8         9        10

 NUMBER DENSITIES OF LONG-LIVED SPECIES

  5.00E+12 2.50E+11 1.25E+11 7.50E+14 2.40E+14 2.50E+12 2.50E+12
  1.20E+12 1.20E+12 5.00E+11 2.50E+11 2.50E+11 5.00E+11 2.50E+11
  0.00E+00 0.00E+00
